64
45 58 37 48 60 7 15 57 43 64 11 30 9 6 22 35 42 1 24 21 19 55 29 2 36 31 61 39 56 4 25 59 44 20 46 63 17 38 5 41 28 53 49 54 10 18 40 33 8 16 27 13 51 62 47 34 12 50 32 23 26 3 52 14
30 53 42 49 57 29 41 47 18 13 55 19 52 6 28 59 51 56 4 17 58 45 33 27 20 31 9 34 12 48 15 22 61 38 39 46 25 7 54 10 11 50 60 43 21 26 23 35 24 37 8 16 3 40 1 32 36 5 64 63 62 14 44 2
23 49 16 39 32 45 18 50 31 48 1 34 24 25 7 61 62 14 21 33 57 60 41 3 59 56 47 51 27 58 5 37 2 11 8 10 28 15 22 54 64 20 38 26 43 40 35 30 17 44 46 63 13 55 36 52 19 6 29 53 12 9 4 42
49 36 50 6 33 53 54 22 61 56 60 28 52 55 62 15 8 29 57 64 35 34 38 32 43 41 48 58 10 51 45 46 25 19 5 44 18 37 3 23 16 14 59 21 39 30 13 9 26 47 17 2 27 24 1 7 31 42 20 12 63 40 4 11
49 12 60 36 5 35 27 30 17 62 22 23 59 43 53 6 63 48 52 34 39 13 8 31 37 44 7 24 4 20 1 41 58 21 18 3 46 19 47 16 61 2 10 28 33 55 9 32 40 50 14 42 51 15 45 11 29 64 26 25 57 56 38 54
30 7 59 9 15 61 55 31 34 11 49 14 21 17 2 8 63 56 19 20 51 57 16 45 38 22 35 36 29 64 60 12 50 25 26 27 10 52 46 4 44 54 42 58 18 32 5 1 37 24 39 13 43 53 48 3 41 40 6 47 28 33 23 62
43 28 45 60 23 12 42 6 5 1 9 55 50 29 26 37 53 46 38 62 59 7 54 36 21 22 64 14 58 40 16 47 20 8 24 49 39 2 11 25 51 56 17 32 30 3 13 4 34 63 27 52 10 15 31 35 19 44 33 48 57 18 61 41
20 7 55 29 48 5 53 51 44 45 2 54 26 3 63 37 11 60 16 23 57 39 40 42 52 1 28 58 38 35 41 21 31 12 19 64 22 9 43 36 25 8 13 15 32 30 4 61 24 14 56 18 62 49 59 34 10 6 46 50 17 27 47 33
4 26 43 64 48 23 22 46 14 51 21 25 50 39 33 42 55 20 41 28 16 45 40 63 1 62 8 11 52 10 53 31 15 9 13 24 38 17 47 7 37 19 2 57 29 56 54 59 18 12 36 3 32 27 30 35 60 44 58 5 49 6 34 61
36 54 63 61 11 27 12 7 53 13 48 15 5 21 25 37 46 23 2 30 34 28 43 31 24 39 16 19 38 55 62 3 58 29 59 4 44 17 33 18 51 50 32 20 22 45 14 9 41 8 6 26 64 42 47 57 52 1 60 40 35 56 10 49
34 64 37 56 58 8 13 45 2 15 51 21 26 57 35 5 59 12 17 62 20 50 4 24 9 19 33 36 54 61 22 18 40 25 63 7 3 27 10 23 46 42 6 48 32 44 14 43 53 47 60 41 1 28 11 16 29 49 39 55 31 38 30 52
37 32 40 11 51 16 23 18 7 42 26 59 45 10 5 12 19 55 62 34 57 1 27 4 22 20 6 13 3 30 9 56 47 31 28 44 43 15 50 39 53 64 29 52 61 54 49 36 48 33 41 2 60 14 63 8 17 58 38 24 46 21 25 35
15 55 22 39 42 25 43 29 46 36 8 58 54 27 59 50 13 5 10 23 62 30 14 38 20 2 40 28 49 4 45 1 26 61 63 17 47 35 7 31 53 6 52 3 24 56 64 51 60 18 21 11 12 41 9 16 32 34 44 57 19 33 37 48
52 1 40 27 57 64 31 62 60 54 38 63 26 61 23 22 39 2 37 58 35 53 41 44 18 33 29 14 9 42 20 28 59 19 47 45 5 50 55 16 10 36 24 6 46 8 30 12 34 17 21 4 25 11 3 43 48 56 51 32 7 49 13 15
26 53 34 40 36 16 17 22 43 51 7 14 25 23 61 57 46 33 19 2 35 47 49 44 64 62 37 58 5 11 12 63 27 30 20 52 31 9 41 8 4 50 45 28 3 29 6 38 55 13 59 60 32 21 39 1 18 42 24 56 15 48 54 10
57 5 52 23 60 48 25 11 43 61 46 37 3 13 14 33 8 36 47 40 42 49 18 12 31 32 58 19 27 2 62 24 51 50 20 55 45 21 35 34 30 56 15 6 59 9 64 22 28 1 54 63 29 16 53 41 44 10 26 38 7 4 39 17
29 3 9 57 63 42 40 11 25 59 50 58 26 10 37 18 36 46 32 54 13 20 8 5 41 61 62 1 33 64 23 24 53 19 7 21 49 6 4 28 16 47 56 52 31 12 48 35 43 60 55 22 45 51 27 39 15 30 34 2 44 38 14 17
41 36 7 55 13 23 26 19 30 42 52 29 6 17 34 57 53 38 37 61 20 46 58 28 11 50 63 33 32 49 64 39 10 25 62 1 60 24 12 4 56 47 18 21 59 3 27 14 43 2 15 44 51 31 45 16 48 35 22 5 54 9 8 40
60 19 50 47 26 40 63 18 62 13 41 53 36 9 64 37 56 49 27 34 51 21 12 57 28 43 8 22 61 1 6 11 10 25 7 59 3 29 23 42 48 17 46 16 44 33 35 15 45 39 20 31 2 14 58 4 5 55 38 30 24 54 32 52
11 52 64 32 23 1 59 33 38 60 51 55 36 16 57 44 14 35 24 63 15 34 17 27 12 18 62 3 8 42 20 43 28 49 25 19 7 6 29 58 13 50 4 56 5 40 26 47 39 9 46 48 30 21 37 22 61 53 31 10 41 45 2 54
16 43 56 49 37 47 39 13 64 40 52 28 35 20 17 9 29 22 50 27 44 7 26 54 62 55 45 42 18 53 19 63 41 3 21 34 14 31 46 30 2 25 32 4 6 58 11 59 48 8 51 38 1 61 23 12 15 5 24 10 57 60 33 36
13 27 50 44 54 25 7 12 39 6 21 24 9 64 19 61 63 56 47 38 46 43 28 57 48 15 36 16 26 3 22 11 49 30 2 51 5 52 41 40 20 8 58 53 55 31 45 18 29 42 37 14 34 10 35 4 33 1 59 60 62 17 23 32
39 60 63 48 7 10 49 12 9 24 51 28 58 23 54 18 57 40 46 13 61 52 1 25 41 32 62 22 29 4 19 33 50 64 20 11 53 44 26 55 47 14 36 6 15 42 38 30 43 56 59 45 2 21 37 27 8 31 16 34 35 3 17 5
6 55 38 26 13 35 30 34 7 54 61 60 42 48 21 17 19 11 15 47 12 37 53 2 1 41 28 51 63 56 64 40 49 20 32 23 18 22 31 43 24 9 57 62 14 25 10 8 5 29 46 59 58 50 52 27 33 45 16 3 39 36 44 4
57 38 58 40 21 7 31 43 48 11 61 10 42 59 41 54 63 4 44 37 29 15 32 39 5 52 45 55 25 9 17 14 34 23 50 60 22 62 12 26 19 64 6 28 1 53 36 8 51 20 49 47 30 24 3 16 35 13 56 27 33 46 2 18
49 28 5 17 29 42 24 15 36 30 27 1 64 59 40 56 48 4 26 46 54 37 57 9 31 41 39 21 12 32 45 13 62 20 38 34 47 52 2 53 10 60 35 43 55 7 14 33 3 11 58 22 19 18 61 51 25 50 44 63 23 8 16 6
31 28 26 36 60 10 49 29 6 53 35 43 40 55 42 14 18 11 38 64 27 46 45 12 24 51 16 2 13 3 52 62 5 47 41 34 30 19 8 33 58 44 20 1 61 15 59 22 63 4 50 25 7 37 56 23 21 48 9 17 54 57 32 39
49 8 4 42 46 47 21 28 24 15 61 1 34 17 51 59 10 3 48 43 33 53 18 44 62 55 20 39 7 16 30 12 40 57 32 6 27 41 37 5 11 13 38 56 64 29 22 58 45 25 50 23 2 60 31 52 35 19 14 54 26 9 36 63
16 63 54 55 56 50 51 17 49 2 20 25 31 36 45 60 39 34 13 7 3 1 21 64 11 43 57 23 38 18 47 42 27 14 52 10 15 37 46 41 40 22 12 4 9 30 35 6 53 5 19 58 61 62 48 24 32 26 59 28 44 33 8 29
13 59 10 63 27 51 55 7 36 25 61 30 29 22 42 26 23 62 3 35 31 8 56 28 12 50 16 53 20 34 5 46 37 18 44 47 60 33 21 15 48 64 43 58 40 9 57 52 54 11 6 1 24 32 49 41 39 17 19 38 14 4 45 2
64 40 38 59 32 13 14 24 6 35 12 50 11 25 56 33 16 46 36 15 21 52 53 20 8 26 4 1 28 29 54 5 47 44 2 22 57 23 7 41 48 62 60 49 18 30 17 3 58 63 61 31 27 43 39 45 37 19 10 9 55 34 42 51
1 23 40 56 48 29 44 26 55 22 57 11 64 50 30 49 5 12 37 14 42 53 19 28 18 47 39 8 45 52 51 31 61 58 62 41 2 63 15 27 6 60 43 36 7 20 9 46 17 33 4 34 38 25 10 35 54 13 21 16 3 59 32 24
3 39 7 6 31 60 35 44 4 5 41 12 15 51 9 54 30 23 18 16 62 33 40 24 22 47 28 14 38 26 29 27 42 61 8 32 17 45 56 25 20 55 49 13 64 34 58 36 11 57 43 19 21 2 46 52 10 50 53 63 37 1 59 48
29 24 54 32 20 63 19 38 37 41 15 57 8 47 14 33 55 28 60 39 50 44 12 1 48 27 9 10 45 26 56 21 64 2 58 17 49 42 3 43 6 34 18 7 53 59 31 4 23 16 5 36 62 22 61 52 40 11 51 46 30 25 13 35
32 7 60 59 63 46 15 19 39 34 54 11 37 10 8 40 5 18 3 27 21 49 50 9 58 57 29 16 42 53 51 17 45 43 24 36 44 6 35 25 20 4 1 64 47 12 31 2 62 28 33 22 30 56 55 41 14 61 38 23 13 48 26 52
20 50 53 49 40 38 36 41 30 13 44 48 4 22 16 47 10 43 39 56 11 63 42 54 6 21 59 60 24 1 35 12 55 5 28 61 23 8 57 37 29 14 18 45 31 9 52 15 34 27 58 26 51 46 62 3 19 32 17 64 33 25 2 7
30 52 18 57 10 11 64 26 53 24 6 12 46 5 14 21 60 20 42 22 4 49 33 61 43 32 44 25 50 63 58 40 55 45 41 31 23 9 7 8 51 47 17 48 29 39 38 59 36 3 56 13 1 37 28 54 2 62 19 15 35 34 16 27
48 37 1 45 22 60 28 41 47 26 40 5 30 31 35 4 55 6 13 61 44 49 9 51 15 25 23 46 38 42 29 43 20 63 8 19 59 14 21 54 3 58 7 34 10 24 52 50 57 33 18 17 12 32 27 53 36 16 56 64 2 62 39 11
52 42 40 53 47 12 49 43 44 33 4 38 30 9 31 34 16 56 51 28 11 58 41 15 24 29 2 21 50 64 7 54 36 6 1 39 37 14 57 59 5 8 62 25 22 13 61 19 48 32 45 18 26 46 27 35 10 17 23 20 3 60 63 55
61 33 47 43 12 28 51 24 48 11 42 45 31 55 26 57 20 62 10 8 2 5 22 7 4 23 37 17 54 21 46 56 18 38 50 49 19 25 39 52 6 40 3 36 9 53 30 16 35 41 44 14 27 59 1 32 60 34 29 63 15 58 64 13
57 9 55 29 23 1 19 14 54 10 31 42 16 4 21 12 46 59 17 62 35 40 58 13 53 39 61 11 50 56 33 5 44 6 24 3 64 8 25 60 27 43 48 20 22 15 37 38 51 63 26 30 34 52 45 28 32 49 41 18 2 36 7 47
53 7 29 63 41 6 62 27 24 19 60 49 17 48 64 40 26 43 8 55 51 18 20 47 5 36 35 34 9 61 46 38 58 13 30 42 12 57 54 37 56 23 4 2 25 11 15 16 50 52 31 14 21 1 44 3 33 10 45 28 32 39 22 59
61 15 40 27 17 11 12 20 58 22 2 53 57 63 47 51 54 8 19 18 42 16 30 36 9 39 1 46 14 29 56 59 10 21 13 49 7 24 4 23 35 3 44 41 31 50 64 32 25 48 34 6 52 62 26 43 60 38 5 55 45 37 28 33
18 33 47 6 3 59 9 27 25 41 19 52 20 35 14 21 39 15 16 43 55 58 64 23 8 56 10 29 44 12 5 61 4 60 31 17 42 1 63 48 32 28 26 38 51 13 45 22 57 49 36 24 2 7 53 37 50 62 40 54 34 46 11 30
22 2 45 41 47 8 57 17 43 56 49 12 46 55 9 64 25 30 10 16 26 53 31 21 48 42 13 40 15 4 27 61 29 7 19 63 14 54 3 34 37 38 33 18 51 52 24 35 50 6 32 39 23 60 5 44 20 28 58 36 62 11 59 1
50 64 29 60 12 16 32 39 45 63 4 44 43 41 27 14 19 57 61 17 11 7 49 15 18 9 42 31 51 37 5 2 28 34 58 56 22 1 20 25 62 59 55 46 38 23 33 26 47 6 53 10 13 24 54 36 48 3 21 8 40 30 35 52
37 49 32 48 33 51 2 4 57 15 27 18 1 25 38 28 12 17 29 53 30 20 52 56 62 42 19 40 3 58 11 46 16 26 41 23 35 45 60 55 8 61 63 10 6 39 64 34 50 9 44 24 54 36 47 22 31 13 59 43 7 21 14 5
39 49 29 13 16 58 46 45 15 2 1 36 51 3 59 23 62 20 22 6 9 47 38 54 26 33 42 43 17 7 11 34 32 48 56 61 37 55 18 57 52 12 14 10 5 53 44 64 35 19 50 24 40 30 25 63 41 31 8 60 21 28 27 4
6 47 15 10 3 54 16 49 7 18 21 57 32 27 45 33 13 37 40 9 61 26 11 34 25 1 29 30 58 38 46 51 19 42 31 53 63 28 2 56 52 8 39 59 4 48 36 5 62 60 41 20 17 55 24 35 43 23 22 50 44 64 12 14
47 34 46 29 38 45 39 23 43 13 57 4 61 19 12 59 40 20 24 22 41 7 56 55 58 60 17 30 3 15 25 18 5 21 42 37 9 48 49 14 63 16 32 50 52 1 28 31 2 10 44 64 33 36 62 51 27 26 53 54 6 35 8 11
19 32 18 57 4 56 63 50 41 48 33 45 38 13 62 55 20 27 40 36 16 54 7 58 47 28 59 30 39 25 22 44 49 35 24 61 23 12 17 51 11 31 3 42 60 53 64 8 2 52 34 46 15 43 9 6 1 5 29 21 10 37 26 14
58 15 52 12 24 53 23 37 60 54 45 47 10 30 36 18 25 8 22 49 51 44 55 63 64 3 50 31 42 16 14 7 19 6 41 43 21 56 13 33 11 46 57 29 38 40 35 61 1 20 9 48 28 26 32 17 2 27 4 39 62 5 59 34
9 62 44 61 33 52 55 54 49 24 51 26 53 47 41 11 25 42 31 21 64 35 16 14 3 36 34 63 32 22 60 4 10 43 48 45 38 29 8 30 37 59 57 46 58 13 7 17 27 23 12 15 39 2 50 20 56 6 28 18 5 1 19 40
45 16 34 31 63 6 8 62 25 33 7 50 15 47 44 20 64 19 40 59 56 42 54 12 17 58 52 55 14 24 21 57 41 10 51 22 48 53 9 32 18 61 37 30 28 2 3 35 1 43 4 29 11 39 13 46 60 36 5 23 38 27 49 26
25 22 40 39 50 44 57 15 35 7 62 54 53 1 47 33 23 21 19 18 59 9 3 58 61 45 20 34 41 11 64 56 10 37 24 13 30 4 36 16 51 27 5 8 43 48 28 46 60 42 31 29 63 52 38 26 2 49 32 14 17 12 6 55
12 18 47 34 9 53 62 28 1 41 20 61 5 52 46 10 60 31 38 13 24 42 33 30 39 17 35 63 51 43 15 64 23 56 40 26 19 16 58 14 50 6 59 49 44 55 27 3 36 21 54 45 29 7 32 22 37 48 57 11 8 2 4 25
29 25 16 53 10 1 22 46 63 28 15 40 60 45 9 18 44 48 26 6 54 23 50 5 37 42 55 4 43 56 7 52 13 49 31 2 12 59 35 20 24 3 38 47 62 8 39 17 11 14 27 57 41 33 51 34 32 64 21 61 19 58 36 30
37 29 31 19 50 49 16 47 64 58 21 7 26 24 2 52 25 56 1 39 20 60 28 54 22 38 61 42 8 35 62 55 17 46 32 44 33 43 15 9 13 6 57 59 45 36 3 4 30 23 27 11 10 12 41 18 14 40 48 5 51 53 63 34
55 34 10 37 4 38 11 61 20 14 27 5 57 54 43 35 33 1 12 21 22 52 9 47 6 45 58 39 63 64 3 2 41 53 48 31 44 49 23 25 24 42 30 17 15 62 36 26 28 46 56 29 40 16 32 7 19 60 13 50 18 51 59 8
7 57 14 2 62 44 12 60 28 24 63 42 48 39 8 33 3 50 58 6 47 59 20 27 30 49 43 18 37 5 41 34 32 40 23 17 45 29 4 35 36 25 38 46 16 19 26 9 13 22 11 15 55 64 61 31 1 21 51 56 52 54 53 10
17 4 40 14 49 3 26 50 18 12 31 54 25 22 42 10 34 8 2 1 39 32 38 55 63 9 62 45 16 11 61 44 57 15 36 27 60 33 51 19 30 47 53 59 7 41 43 29 28 6 37 52 24 21 46 20 58 48 35 23 64 5 13 56
30 11 13 8 24 32 4 29 34 22 12 23 61 21 45 27 35 19 47 6 28 25 16 3 64 59 62 36 20 58 26 53 39 33 52 57 37 51 49 63 46 50 10 18 9 38 1 44 7 41 17 60 5 31 48 2 40 14 55 54 15 56 43 42
33 6 37 64 13 42 61 7 31 54 28 9 25 10 63 11 45 39 50 57 4 36 43 14 55 38 41 44 2 62 15 40 16 34 12 24 56 19 32 46 17 21 22 26 59 47 5 60 23 27 18 35 30 8 58 3 53 48 51 52 1 29 49 20
8 20 4 60 47 35 41 57 40 22 58 37 48 36 45 34 32 2 63 56 30 53 11 18 26 42 6 59 16 62 31 28 54 46 5 17 51 19 64 43 55 52 24 7 14 9 39 27 15 50 49 12 3 23 21 33 38 25 13 44 1 10 29 61
26 7 20 30 25 8 32 23 28 43 33 46 22 19 15 39 45 5 13 44 53 60 37 52 47 29 58 41 42 1 64 48 17 38 6 31 34 62 56 10 57 54 50 36 18 51 12 49 35 2 61 55 40 63 9 3 11 16 21 59 4 14 27 24
24 22 61 14 32 2 39 15 16 28 26 43 12 19 58 46 36 9 1 37 29 7 59 6 55 27 60 49 5 33 25 30 38 53 31 17 64 63 52 3 62 42 40 10 50 51 47 11 57 18 56 13 21 54 4 44 45 8 48 35 41 23 20 34
7 31 4 9 47 5 60 53 62 63 18 45 64 20 55 15 16 22 51 30 57 34 40 35 1 32 17 29 39 38 12 25 33 42 8 19 41 44 14 52 13 11 3 21 50 26 23 46 49 28 27 2 6 43 54 61 58 37 56 10 36 24 59 48
10 9 27 13 23 1 16 38 40 18 51 3 42 21 4 8 64 15 63 2 48 50 14 45 11 25 37 58 49 54 34 32 62 29 36 43 12 60 17 30 31 59 57 28 44 6 26 24 47 52 35 53 7 56 20 46 41 19 55 39 5 33 22 61
12 19 25 47 46 55 28 50 3 27 44 4 20 61 10 41 14 60 52 21 29 5 51 7 63 49 32 45 48 54 59 18 16 62 57 64 31 24 15 43 40 33 34 36 35 56 22 42 11 6 58 37 38 8 53 39 13 30 17 23 1 26 9 2
45 10 37 42 40 11 27 5 36 15 26 59 7 24 2 46 56 57 44 4 52 20 39 32 14 29 23 60 28 55 31 30 6 16 33 53 17 3 19 64 41 63 1 22 8 58 50 25 49 38 35 9 62 18 21 43 12 48 51 13 47 34 61 54
13 12 7 64 6 55 3 25 51 36 9 34 45 38 17 59 37 44 1 5 47 46 40 14 50 56 61 33 63 32 4 62 27 15 28 26 48 19 42 35 49 58 30 52 10 43 20 60 16 54 39 31 23 8 11 53 18 24 41 22 57 29 21 2
48 10 36 17 62 35 63 28 61 51 31 15 6 38 39 47 5 27 4 21 24 18 37 34 59 25 3 29 20 7 30 57 22 13 49 43 53 46 44 26 54 50 23 60 32 16 14 2 58 64 9 12 56 40 55 11 45 42 1 19 52 8 33 41
64 16 43 53 31 10 14 15 12 7 30 24 39 40 23 19 38 60 22 4 57 50 37 3 36 47 32 11 48 5 2 49 45 20 51 8 27 46 59 52 42 29 58 62 54 44 56 1 18 13 41 25 28 26 34 9 63 21 61 35 17 33 6 55
7 48 18 22 35 53 19 41 34 51 54 56 64 4 20 24 28 59 46 27 40 1 50 16 47 29 3 23 62 12 44 15 39 52 8 42 33 37 58 36 26 11 38 45 6 57 2 21 14 32 10 31 60 13 43 25 9 49 61 55 63 30 17 5
49 47 1 62 33 26 22 57 13 61 29 63 53 23 9 52 17 25 34 64 3 21 38 18 8 44 24 50 2 59 30 15 56 4 14 42 45 51 58 16 48 5 54 27 55 31 36 12 6 60 40 32 10 20 11 43 37 46 28 41 39 35 19 7
22 11 42 56 47 60 28 21 64 31 4 26 19 58 27 48 59 45 32 36 49 44 12 55 46 15 20 6 24 61 2 38 8 35 41 5 7 13 50 30 39 53 1 14 33 9 63 17 23 34 16 51 54 57 62 25 52 37 10 3 29 18 43 40
45 18 11 50 47 54 9 20 6 28 51 43 58 25 36 7 4 52 23 42 5 57 48 59 61 21 35 32 34 10 12 39 40 44 60 46 63 16 41 22 14 27 1 33 56 3 19 38 53 37 49 15 24 13 29 30 8 64 2 55 62 31 26 17
27 28 50 14 11 22 18 34 52 13 23 9 15 16 39 45 37 61 42 40 51 5 30 7 63 57 64 6 19 44 55 59 17 8 35 47 38 58 32 3 48 12 33 20 60 26 2 4 21 1 24 62 31 29 53 49 54 10 46 43 36 56 25 41
47 5 56 40 1 44 49 4 24 21 22 17 28 35 29 8 2 64 25 31 55 6 30 52 63 33 54 51 57 36 13 45 23 19 9 50 60 20 26 59 37 27 34 48 32 11 62 53 16 18 61 41 14 58 42 39 10 15 3 12 38 7 43 46
48 53 47 30 17 5 38 19 64 8 2 61 25 33 35 36 60 49 11 52 18 22 37 3 9 7 63 20 59 32 14 58 12 4 51 34 21 40 6 56 42 23 28 26 43 62 41 10 24 54 55 46 31 39 1 27 44 16 15 45 50 13 29 57
33 36 3 2 32 48 38 53 55 23 24 59 54 5 20 31 4 6 44 52 7 19 35 22 64 9 41 37 17 27 45 57 58 46 13 56 11 60 21 18 49 47 1 51 15 61 30 63 25 10 28 62 26 12 29 43 34 39 8 14 16 40 50 42
59 64 49 6 20 2 5 60 40 18 42 55 44 25 12 41 23 24 22 63 56 13 4 8 3 14 43 1 21 61 39 54 51 47 27 32 34 53 7 58 62 45 38 10 28 36 46 57 48 52 50 33 19 15 30 29 31 11 9 26 16 17 37 35
33 21 12 37 42 53 23 30 41 62 4 1 16 7 39 63 31 6 18 54 61 20 32 28 58 38 22 49 34 35 26 40 50 60 3 29 45 56 52 43 9 44 36 47 13 15 10 57 11 27 59 17 5 8 2 46 64 14 19 51 55 48 25 24
4 6 37 38 17 1 53 12 13 2 47 60 24 57 23 64 29 56 9 36 61 49 5 59 39 48 44 43 34 11 62 7 52 8 16 14 54 27 41 25 20 26 50 58 21 63 30 35 55 19 3 22 45 28 18 32 33 40 42 46 31 15 51 10
23 56 7 12 1 15 4 10 8 11 33 26 49 2 44 40 6 18 24 5 43 19 60 22 54 3 30 32 55 36 38 52 39 62 63 17 57 64 50 46 53 27 47 29 59 51 42 14 20 28 45 48 41 31 13 61 58 16 37 35 34 21 25 9
55 10 15 60 61 41 47 44 16 42 45 18 1 32 26 52 21 37 59 58 63 20 53 54 46 17 39 57 31 8 12 33 13 4 56 24 22 34 51 40 49 2 7 11 6 3 23 36 62 27 50 14 28 43 19 35 29 30 9 5 48 64 25 38
42 4 16 28 7 5 26 3 63 6 57 1 23 64 55 56 62 27 8 46 20 24 11 35 33 52 40 18 39 29 45 9 49 25 19 14 61 34 31 41 37 44 21 59 32 43 47 51 2 54 12 15 38 60 58 17 22 30 50 36 13 48 53 10
39 14 11 25 29 6 27 17 60 61 28 53 35 40 63 36 46 57 58 31 2 50 52 51 15 30 44 24 43 38 37 59 41 45 34 5 22 62 47 42 9 12 21 54 33 4 1 55 10 49 64 18 13 19 26 23 56 16 8 20 48 32 7 3
41 36 59 62 64 17 48 32 20 10 49 19 40 45 30 46 14 4 50 44 18 26 55 52 3 1 34 57 12 29 13 15 28 2 43 42 39 24 56 7 5 8 51 21 27 31 60 9 16 11 63 37 25 58 54 61 6 23 35 38 33 22 53 47
60 2 48 14 17 54 6 49 35 3 15 4 62 24 8 19 42 33 61 25 38 21 9 36 56 18 28 12 37 5 34 45 53 23 51 64 31 16 26 44 11 47 32 40 13 55 20 46 41 27 30 39 10 29 43 52 63 22 1 58 57 50 59 7
41 19 39 61 16 62 28 5 14 50 55 18 49 29 63 52 48 34 33 13 53 24 54 23 10 17 37 40 60 11 26 7 45 42 56 47 31 38 44 2 32 3 20 58 64 46 21 8 4 30 15 36 27 43 35 9 6 51 59 1 22 12 25 57
8 26 59 30 62 57 25 17 18 48 29 10 12 32 28 44 40 46 60 34 19 54 14 38 31 24 52 7 9 39 50 42 37 47 13 16 51 4 33 20 11 49 41 58 36 35 61 6 23 45 21 3 15 2 63 55 53 56 27 22 43 5 64 1
26 61 51 35 14 15 48 58 1 8 12 10 27 29 19 60 62 64 21 22 41 59 39 40 56 52 9 25 54 3 37 34 11 17 30 50 46 63 13 55 20 31 47 16 4 42 38 6 43 36 33 18 5 23 49 57 2 44 32 53 24 7 45 28
55 26 1 17 49 22 4 51 24 23 50 6 56 33 30 36 54 32 27 29 38 20 11 48 21 9 19 10 2 46 35 60 41 25 59 7 3 45 61 39 8 31 64 63 44 53 18 43 40 16 14 42 57 47 15 12 5 13 28 62 52 58 34 37
17 18 63 36 55 44 28 3 61 38 57 2 53 4 48 7 56 43 31 21 26 37 24 35 32 47 20 15 52 40 6 29 22 42 46 10 30 5 50 62 13 60 41 16 23 39 14 54 1 27 64 51 58 33 34 8 59 19 45 12 11 9 25 49
31 63 54 47 28 29 42 62 33 50 22 44 60 55 5 59 13 51 35 18 21 46 36 20 17 38 3 8 32 11 24 26 30 27 53 39 4 34 49 43 23 57 2 19 6 61 56 58 15 37 45 25 10 14 40 1 9 16 12 41 48 64 52 7
20 30 36 63 48 27 33 9 52 29 64 25 3 59 2 18 42 58 6 24 4 47 50 10 44 31 35 60 17 26 34 51 32 13 62 61 12 40 55 21 22 1 49 43 54 16 57 46 14 15 37 8 7 53 5 23 56 39 11 38 45 19 41 28
55 26 10 39 61 22 44 18 21 64 51 62 35 53 48 40 13 7 60 50 1 28 45 19 12 34 59 27 57 37 14 33 41 54 58 46 63 56 49 4 30 52 3 36 23 2 17 15 11 25 8 5 38 9 29 32 16 31 42 24 47 6 20 43
33 55 19 32 50 39 22 58 62 9 31 46 54 5 51 45 57 42 17 2 36 53 56 30 12 13 35 1 37 3 43 59 11 23 52 26 49 44 29 61 64 60 47 28 27 38 25 40 18 48 14 24 10 8 7 34 41 6 4 16 15 21 20 63
52 64 60 51 4 25 5 39 7 47 59 61 2 28 54 20 32 15 35 37 23 1 38 45 53 48 6 3 42 16 31 43 56 22 24 58 62 41 49 33 13 10 36 40 57 8 29 55 26 46 27 11 44 19 12 34 18 9 21 14 17 63 30 50
46 33 43 24 50 7 23 38 52 48 59 12 56 32 49 51 2 57 30 4 64 8 41 10 19 61 18 26 37 20 15 40 63 22 47 3 34 21 45 16 39 9 1 5 44 36 54 6 27 28 13 17 25 62 35 11 55 42 53 31 58 60 14 29
58 10 4 33 42 34 52 8 17 21 57 45 6 18 28 39 46 43 15 27 63 23 61 36 13 41 54 7 64 62 24 5 11 29 60 56 26 37 14 55 3 1 30 2 25 12 40 59 20 53 47 35 19 22 50 31 38 9 48 49 16 44 32 51
16 39 32 2 12 20 13 27 63 18 6 11 10 19 43 64 61 1 62 58 24 49 28 25 54 51 5 44 31 36 38 53 55 56 3 41 46 57 45 15 9 35 23 30 33 40 52 47 59 21 17 34 7 50 4 22 29 48 37 8 14 60 26 42
20 49 45 36 53 55 60 12 48 13 15 11 41 5 19 56 62 34 59 33 26 18 22 37 52 21 23 2 8 1 64 44 43 6 38 39 31 28 10 7 29 40 30 42 3 61 58 4 17 9 50 63 51 35 25 46 47 16 27 32 24 54 57 14
55 8 53 17 36 47 33 5 54 24 9 49 44 59 14 28 57 22 39 62 50 51 46 23 43 2 10 32 58 61 48 37 21 15 56 63 42 13 60 31 16 27 19 30 1 20 3 41 52 38 29 64 25 12 18 7 26 40 4 34 11 45 35 6
47 42 50 56 22 20 34 3 32 31 27 21 60 44 37 52 26 5 30 6 57 18 40 8 7 39 43 59 54 53 12 45 4 64 51 16 13 19 41 33 17 29 1 48 58 10 23 11 28 2 61 24 9 36 49 14 35 62 63 25 15 55 46 38
48 57 19 22 16 39 54 18 46 6 27 45 10 49 37 64 5 43 56 60 20 36 42 14 62 25 59 2 7 8 51 29 15 30 11 35 53 34 63 26 23 21 28 61 24 38 47 17 3 4 1 44 58 12 55 41 9 50 31 33 52 13 32 40
39 35 34 38 26 44 2 56 42 3 16 23 36 37 41 27 15 9 22 59 24 63 1 25 60 52 6 48 5 21 50 8 49 51 13 32 19 57 54 7 45 43 4 61 33 29 31 28 58 10 30 55 62 47 11 14 17 46 12 20 40 64 18 53
39 10 6 34 3 26 13 19 62 14 31 33 46 36 11 63 9 30 15 51 28 45 24 59 55 53 37 52 50 8 54 29 7 40 48 57 56 44 22 38 25 21 58 49 23 41 1 35 43 60 2 5 18 64 42 32 12 20 16 61 4 27 47 17
52 14 64 16 56 4 22 53 33 27 58 10 18 37 35 31 26 49 48 47 51 40 54 12 57 61 30 13 6 41 59 50 21 55 17 23 15 62 32 43 19 11 7 36 42 8 24 45 28 34 29 2 63 9 3 25 1 38 20 5 44 39 60 46
30 24 23 40 50 18 53 5 61 59 43 1 10 27 37 17 54 6 51 19 15 21 47 62 44 38 26 49 35 3 39 46 8 41 13 64 48 20 32 42 25 57 33 56 36 7 2 55 4 16 34 58 60 52 22 9 31 11 29 14 12 45 28 63
7 20 9 35 49 26 46 41 27 39 37 15 34 31 14 13 24 11 4 17 30 61 54 57 1 40 19 10 2 25 58 56 44 51 43 53 45 42 52 21 64 59 62 12 55 8 63 6 3 33 36 5 16 32 47 23 29 28 18 50 38 48 22 60
62 17 58 22 39 38 64 16 60 20 13 9 3 52 15 45 30 24 25 28 11 27 1 7 61 46 26 53 32 55 19 44 43 41 6 5 36 49 29 63 4 57 21 23 12 50 54 56 33 37 8 42 14 59 40 51 31 34 47 35 18 10 48 2
30 17 53 27 21 25 44 15 37 46 52 31 29 47 9 1 49 63 62 8 10 14 7 23 32 28 24 39 36 5 38 40 3 61 54 13 20 57 43 55 19 50 22 64 48 42 56 11 41 51 2 12 4 45 34 16 33 59 6 58 60 35 18 26
19 38 21 27 50 29 60 49 24 23 20 8 25 37 55 48 1 2 30 62 4 5 58 28 45 40 17 42 6 56 16 3 32 14 10 18 52 47 51 33 44 61 11 7 26 57 53 9 63 35 13 59 46 22 39 41 54 34 15 43 31 64 36 12
53 2 5 13 46 48 52 34 3 51 1 29 49 44 19 25 60 42 27 23 40 35 38 20 33 6 59 21 17 41 12 58 64 18 47 45 26 15 9 28 31 8 22 61 16 11 7 4 43 37 50 55 10 24 56 36 30 63 54 14 32 62 57 39
64 1 3 30 46 10 59 51 14 15 11 41 22 5 50 57 21 33 25 27 42 18 4 23 6 48 49 29 62 26 45 12 17 55 54 2 8 36 44 9 16 19 7 24 28 52 47 34 56 20 37 58 43 31 32 60 40 53 63 61 38 35 39 13
51 52 7 59 8 34 27 48 29 15 31 37 39 23 32 40 44 46 6 35 12 14 4 50 19 43 61 53 24 64 5 21 55 56 10 1 25 54 9 41 28 13 36 16 63 42 57 62 26 20 58 18 49 38 47 60 33 22 30 11 3 17 2 45
10 15 42 52 9 60 57 34 39 30 48 53 51 55 27 5 24 47 20 7 14 45 3 62 22 13 19 50 44 43 38 8 54 33 28 41 21 61 17 58 1 59 12 11 2 31 64 6 56 46 49 26 25 16 35 37 63 29 32 18 23 4 36 40
44 25 64 14 15 23 54 18 20 46 52 16 10 21 50 6 48 58 9 29 55 3 34 13 31 22 62 41 27 39 61 30 49 8 35 56 28 19 53 7 24 51 59 17 4 42 40 63 38 33 11 37 57 47 12 43 45 60 36 26 1 2 5 32
11 45 53 21 19 12 29 23 20 30 17 62 37 34 5 26 18 56 9 48 49 14 40 59 8 24 43 52 51 6 64 2 42 16 28 41 22 4 46 31 27 50 10 58 25 7 55 54 39 33 35 1 57 32 3 13 47 36 60 61 63 15 44 38
14 19 62 52 45 53 37 56 35 24 49 55 13 60 8 48 32 28 7 38 6 31 34 64 3 63 20 2 9 41 21 29 61 15 47 59 10 1 46 16 18 36 27 42 22 12 11 54 30 33 51 25 44 40 26 17 23 4 5 50 58 43 39 57
25 43 30 23 2 54 34 26 3 46 44 41 5 10 58 14 19 38 49 40 35 11 55 31 36 64 27 24 7 28 53 42 12 51 47 45 33 4 62 60 8 20 9 29 59 50 6 15 57 63 52 22 18 39 13 32 1 17 37 21 61 16 48 56
21 12 3 2 14 42 54 34 30 8 27 63 49 37 50 9 45 52 29 5 16 43 20 56 7 61 40 13 19 41 53 6 23 31 18 51 26 4 64 59 57 22 33 28 46 10 58 35 39 55 60 47 38 17 44 48 62 11 15 24 32 1 25 36
3 46 8 25 2 52 9 49 59 6 56 18 21 44 38 14 55 35 28 45 41 39 43 19 11 10 16 34 42 50 58 61 26 57 60 15 22 51 53 40 62 47 32 36 20 64 5 33 12 13 27 48 54 17 31 30 63 1 24 29 23 4 7 37
45 53 22 1 58 27 2 35 54 31 64 8 33 36 30 23 10 21 5 52 42 16 60 19 25 4 26 46 57 29 13 62 14 51 44 34 6 7 49 61 56 20 3 37 47 63 9 12 32 55 50 17 43 40 38 41 48 15 59 18 28 24 11 39
50 27 56 61 25 42 5 2 19 33 7 60 54 14 18 4 57 32 21 51 62 17 13 8 59 29 30 31 10 15 20 39 1 26 28 41 64 6 37 16 45 40 12 46 49 34 35 23 47 48 58 44 3 36 22 55 52 24 53 11 43 9 63 38
7 2 35 47 29 14 16 21 60 34 64 44 45 61 20 50 5 57 58 38 23 3 11 8 13 43 42 26 28 39 6 22 48 12 54 53 37 19 51 49 4 36 46 62 25 15 33 31 18 63 59 40 52 9 17 41 24 32 56 27 1 55 30 10
