16
10 8 12 5 16 7 9 6 2 3 13 1 15 11 14 4
10 3 8 5 6 1 4 16 9 14 13 2 11 12 15 7
4 10 11 3 8 9 13 6 1 16 14 7 5 12 2 15
16 5 2 4 13 14 11 10 9 12 15 3 7 1 6 8
3 6 9 11 1 4 15 2 13 8 5 14 7 16 12 10
9 11 3 8 10 1 16 6 5 14 2 13 15 4 7 12
10 8 15 13 7 4 12 3 6 1 2 11 5 14 16 9
9 4 14 2 16 13 3 12 11 15 8 7 6 5 1 10
16 14 3 13 11 1 15 2 9 8 6 12 7 5 10 4
10 9 12 14 3 11 7 8 5 16 1 15 4 13 2 6
7 9 13 6 2 16 5 8 12 14 11 4 1 3 10 15
1 15 6 11 8 10 4 14 12 7 13 3 5 16 2 9
10 16 4 3 11 14 5 8 1 6 13 7 2 9 15 12
1 6 8 4 15 5 7 16 9 3 2 10 13 12 11 14
10 8 1 4 9 3 15 16 7 14 13 11 12 2 6 5
9 3 5 6 12 13 14 10 11 2 15 16 8 1 4 7
7 5 6 11 9 4 1 3 10 15 12 16 8 14 2 13
15 7 9 10 5 12 8 2 6 14 16 13 11 4 3 1
15 4 3 16 5 13 1 14 7 8 12 9 6 11 10 2
6 9 14 3 11 2 7 13 5 4 8 10 16 15 12 1
2 6 3 11 16 13 12 9 14 8 7 15 1 4 10 5
8 16 7 5 9 4 3 2 1 11 15 14 13 12 10 6
5 15 9 1 13 7 3 11 8 2 10 12 6 4 16 14
1 16 11 7 8 2 6 12 5 15 10 9 3 13 4 14
9 3 5 15 13 4 14 7 8 11 1 6 12 16 2 10
16 11 3 9 7 12 8 15 13 5 1 14 2 4 6 10
7 9 12 10 3 1 6 14 8 15 16 5 2 11 13 4
6 4 8 13 12 9 3 2 5 10 1 14 16 7 15 11
6 15 4 11 16 7 5 9 12 14 10 13 1 8 2 3
3 1 16 5 6 9 8 14 7 2 13 10 11 4 12 15
1 15 8 3 9 11 5 12 13 7 14 16 4 6 2 10
16 3 1 10 15 14 9 5 7 4 12 2 13 11 8 6
