32
22 13 6 7 17 16 18 1 31 21 8 2 23 28 15 19 5 12 27 10 32 3 25 4 11 30 29 26 20 14 24 9
28 18 6 24 2 27 4 20 22 10 12 8 29 11 26 25 15 23 19 13 14 32 21 5 7 17 1 31 3 16 30 9
14 31 21 25 6 30 29 20 1 7 32 16 4 22 17 13 18 10 27 2 11 5 15 8 3 12 23 19 28 9 26 24
5 22 9 32 25 1 24 10 31 19 12 26 15 29 20 7 21 27 23 16 18 17 4 6 30 8 2 11 14 28 3 13
17 18 23 13 4 12 30 15 31 5 22 24 10 3 14 27 1 7 32 25 26 21 20 28 29 8 9 19 6 16 2 11
29 15 17 9 7 8 23 25 5 1 31 22 11 21 16 26 14 20 28 3 10 27 30 18 4 19 32 12 2 13 24 6
20 15 10 14 31 27 7 22 28 8 23 3 24 21 5 1 25 16 32 11 30 26 18 4 17 13 2 9 29 6 19 12
4 17 19 11 7 26 28 10 21 5 27 15 9 14 2 30 31 12 25 20 1 29 32 16 6 22 3 8 18 23 13 24
21 13 10 28 23 1 7 15 5 11 17 12 14 3 26 8 32 18 22 16 2 20 9 24 29 19 30 31 25 6 4 27
18 27 25 10 22 11 15 29 32 16 2 24 19 12 6 26 9 23 17 7 1 13 14 30 3 4 28 5 21 31 20 8
6 28 17 26 4 14 29 30 1 25 12 15 7 3 2 22 24 5 19 18 27 13 10 31 21 32 9 20 8 11 16 23
20 26 5 19 32 7 25 16 1 18 29 15 12 13 23 21 31 6 27 2 3 28 14 11 8 24 9 10 30 17 4 22
12 8 27 6 15 3 22 32 5 13 19 4 9 2 17 16 10 14 11 26 23 21 30 7 25 20 29 24 28 31 1 18
8 22 16 31 19 12 17 28 9 4 1 18 23 15 11 20 3 13 24 5 32 21 29 6 7 2 27 26 25 14 30 10
21 6 8 23 19 27 12 1 30 24 4 17 9 14 16 10 22 28 31 20 3 29 7 11 25 32 15 18 26 5 2 13
24 3 17 1 30 32 6 18 16 27 20 29 19 7 12 11 31 8 15 9 14 28 21 13 22 25 23 10 2 26 5 4
24 19 11 30 25 12 9 16 28 18 23 31 10 2 7 32 6 5 27 17 29 26 13 4 15 8 1 14 22 20 21 3
13 12 2 27 28 8 16 31 23 4 1 14 32 24 17 25 11 15 10 21 5 9 19 20 3 26 6 22 29 18 7 30
18 19 22 24 13 10 7 11 32 2 23 12 3 28 4 1 26 25 29 30 14 31 27 15 16 8 9 6 20 17 5 21
32 6 17 27 26 29 8 13 18 14 11 16 25 22 10 24 23 1 20 3 2 31 7 30 15 9 5 12 4 21 19 28
29 8 21 27 28 5 30 19 16 17 7 26 24 23 20 25 18 13 6 4 14 31 2 9 11 10 1 32 15 12 3 22
24 29 31 7 1 19 5 6 32 21 18 10 30 25 12 16 2 27 23 15 20 11 4 3 22 28 13 17 14 26 9 8
22 1 15 29 16 9 5 20 30 4 19 32 26 10 21 28 27 23 2 18 24 8 13 3 11 17 7 12 14 6 25 31
4 22 21 18 10 1 24 17 23 30 7 20 6 32 14 12 19 3 27 25 2 8 31 16 26 9 5 13 15 29 28 11
13 8 28 18 14 17 32 22 29 11 16 26 15 7 25 12 3 21 20 19 4 9 2 31 10 27 6 23 30 1 5 24
29 6 21 20 23 3 22 25 27 1 14 26 31 8 28 13 19 5 9 30 32 24 2 15 11 17 4 12 10 7 18 16
13 8 3 1 29 25 17 4 27 6 32 20 22 7 10 2 9 30 12 15 28 31 24 14 11 21 5 16 19 26 18 23
5 3 16 20 24 1 18 12 25 14 11 29 15 23 17 9 32 6 19 26 27 31 2 4 22 21 10 8 30 13 28 7
32 15 30 19 4 5 27 13 6 24 17 2 23 18 22 20 28 12 29 11 14 9 31 3 26 1 7 10 25 16 21 8
2 4 31 8 14 16 6 17 28 23 15 13 30 18 29 7 10 11 9 22 24 25 32 27 12 3 5 19 20 21 1 26
25 17 3 22 21 7 5 12 20 4 29 11 16 26 9 14 31 32 6 27 8 24 2 18 19 13 30 28 15 23 10 1
19 9 29 23 21 3 13 15 2 25 31 26 28 22 32 5 17 7 18 27 8 4 20 6 14 24 11 16 10 30 12 1
15 28 5 20 18 27 30 6 17 19 1 12 31 29 13 32 2 25 3 16 23 21 7 9 26 14 22 11 24 4 10 8
27 26 31 5 12 23 29 9 17 25 3 16 21 30 10 18 6 4 13 28 8 22 15 32 19 14 24 11 1 7 2 20
32 26 27 2 29 8 30 31 25 22 9 13 18 11 5 24 1 21 12 15 19 7 6 3 20 23 16 28 4 17 10 14
10 15 2 9 11 18 17 20 13 4 23 14 25 24 7 5 30 32 12 3 1 8 21 6 22 16 28 27 19 26 29 31
32 8 9 27 11 6 12 7 23 15 22 20 10 30 21 16 28 1 18 25 17 31 3 5 14 24 13 29 4 19 2 26
1 22 32 30 12 19 24 14 7 9 21 20 4 11 23 15 29 16 18 3 10 31 25 26 28 17 13 2 5 6 8 27
32 29 25 14 26 23 31 10 8 7 3 18 6 16 1 12 9 2 20 27 4 13 21 15 22 30 24 11 19 17 28 5
7 14 1 28 18 20 8 29 26 16 6 25 9 2 23 11 31 17 27 19 5 21 12 13 24 10 22 30 3 4 15 32
19 31 4 8 22 20 16 17 24 5 7 9 27 13 1 23 11 28 3 12 21 10 26 14 25 15 2 29 6 30 18 32
14 30 13 6 32 17 28 23 9 25 19 18 4 24 8 2 22 10 15 26 16 1 29 7 5 12 20 31 11 3 21 27
8 1 11 6 27 21 30 5 24 19 9 13 2 17 25 28 22 14 15 3 26 12 10 23 29 20 18 32 16 31 7 4
24 3 27 21 13 16 14 7 23 5 6 4 20 26 1 15 30 22 29 18 12 19 8 25 31 10 11 2 32 28 9 17
31 11 27 3 22 18 6 17 23 7 5 21 14 19 29 25 32 2 9 12 26 30 16 8 15 1 24 10 20 4 13 28
30 14 29 1 20 13 4 11 22 7 23 15 17 12 18 28 19 24 10 26 3 6 5 21 8 31 32 27 2 9 16 25
10 30 19 5 12 13 20 16 18 17 15 11 32 6 31 21 8 25 9 29 1 3 22 28 23 26 2 24 7 4 14 27
10 7 13 15 32 3 4 25 27 26 23 11 2 28 20 22 6 9 1 24 8 17 31 21 29 18 14 30 5 19 12 16
12 30 4 16 10 5 21 26 27 9 7 20 1 3 31 24 6 28 8 2 14 11 23 22 17 18 15 13 19 32 29 25
30 26 21 25 1 29 14 7 22 5 31 10 18 6 24 3 19 27 17 8 16 11 12 9 23 28 13 32 20 4 15 2
19 21 11 28 14 23 24 6 2 8 16 3 20 31 4 7 30 27 26 32 10 5 25 15 12 22 18 17 1 29 9 13
31 27 9 13 25 29 11 32 19 22 24 20 5 21 1 4 26 6 12 28 15 16 23 30 14 10 17 8 7 3 2 18
8 26 2 16 30 24 6 10 32 20 1 19 29 4 5 13 11 31 12 9 22 7 27 23 14 17 21 3 28 25 18 15
13 26 17 11 31 29 27 25 8 14 23 9 30 28 24 7 22 10 12 6 15 3 19 5 18 21 4 2 20 16 32 1
29 1 2 28 27 11 20 19 23 8 30 25 21 26 15 13 7 9 22 31 10 16 6 4 32 3 14 24 5 17 18 12
27 3 25 24 28 6 11 12 22 8 26 23 31 2 14 19 5 17 10 16 21 1 15 30 9 20 18 4 29 32 7 13
19 12 16 4 28 21 25 27 22 2 9 17 24 30 26 5 31 20 13 15 8 7 29 1 32 14 11 23 6 18 3 10
19 23 24 28 26 18 11 8 20 32 27 17 29 13 6 22 14 10 12 25 4 7 2 30 5 3 31 1 9 15 21 16
19 21 9 27 17 13 11 31 5 14 22 23 29 3 15 6 28 12 4 7 25 26 18 1 8 30 16 20 24 10 2 32
31 29 6 32 20 12 26 28 9 10 2 30 13 14 7 23 17 15 27 5 24 22 21 11 8 19 18 25 16 4 3 1
21 16 17 31 14 7 24 15 4 5 23 18 27 6 10 11 29 3 13 12 20 26 19 1 22 30 28 8 25 32 9 2
21 9 1 20 3 4 6 8 25 17 18 7 11 10 30 15 2 16 31 23 12 19 13 5 14 29 27 24 26 32 22 28
1 27 9 20 8 31 21 2 30 22 17 3 23 10 15 29 5 6 4 28 7 19 18 13 32 12 14 25 11 16 24 26
30 21 26 20 9 28 3 27 7 12 32 29 10 2 14 6 18 31 22 8 16 19 1 11 23 17 13 25 5 24 4 15
